length of T is 500000
total count is 50281
S's length,number
1,5100
2,4449
3,4060
4,3832
5,3306
6,2986
7,2545
8,2415
9,2176
10,2003
11,1699
12,1626
13,1365
14,1276
15,1191
16,1001
17,947
18,850
19,719
20,695
21,618
22,536
23,460
24,471
25,388
26,366
27,320
28,287
29,273
30,239
31,224
32,190
33,171
34,164
35,128
36,132
37,102
38,97
39,84
40,81
41,69
42,56
43,61
44,46
45,47
46,37
47,44
48,32
49,30
50,28
51,23
52,28
53,18
54,22
55,12
56,19
57,14
58,8
59,16
60,10
61,10
62,6
63,6
64,9
65,12
66,3
67,6
68,7
69,6
70,2
72,1
73,2
74,1
75,3
76,3
77,1
81,1
82,3
83,2
85,1
86,1
98,1
99,1
115,1
